0 0.6263157894736842 0.657051282051282 0.1631578947368421 0.08974358974358974
0 0.6065789473684211 0.5384615384615384 0.09210526315789473 0.07692307692307693
0 0.4355263157894737 0.4407051282051282 0.11842105263157894 0.08012820512820513
0 0.3881578947368421 0.75 0.12894736842105264 0.1282051282051282
0 0.6368421052631579 0.8269230769230769 0.22631578947368422 0.3269230769230769
0 0.9157894736842105 0.907051282051282 0.1368421052631579 0.17307692307692307
0 0.4605263157894737 0.9006410256410257 0.1 0.12179487179487179
0 0.21052631578947367 0.6955128205128205 0.1631578947368421 0.08333333333333333
0 0.21447368421052632 0.9150641025641025 0.12368421052631579 0.15064102564102563
0 0.5697368421052632 0.25801282051282054 0.0868421052631579 0.041666666666666664
0 0.6171052631578947 0.32051282051282054 0.06578947368421052 0.04487179487179487
0 0.6894736842105263 0.41025641025641024 0.11052631578947368 0.057692307692307696
0 0.8092105263157895 0.6025641025641025 0.09736842105263158 0.10256410256410256
